92966
55820
93477
97993
91471
56789
17666
60693
59738
7555
18058
97696
10076
94331
42808
69247
5011
50615
67578
31688
19587
85117
28689
63577
46782
37630
64121
79977
55255
37455
52073
53492
96869
52936
81891
71399
34075
40760
96458
60888
22710
62404
64002
14129
84317
25700
25820
57695
62070
5047
23353
65469
30633
19707
81805
1486
6437
12846
68410
66401
8206
33943
94507
47057
45520
39010
16462
69901
57997
43587
25670
94452
18740
88572
55329
69865
38902
63674
73825
27808
83380
6383
62737
93220
20681
95803
1111
62436
36182
36277
17799
20701
32610
64499
7273
72971
71208
96919
17270
98565
10120
20782
88101
77095
59488
67160
11057
46636
51262
68705
73540
88516
49903
56304
41693
93872
3722
77797
83328
28980
77347
78551
28999
48310
18615
61935
46398
7100
11159
11316
99047
14429
21352
72853
80093
60237
6974
1228
38223
77605
66045
67088
1317
91915
58856
8737
68572
33086
59860
78707
75836
16257
37263
49641
21362
20346
75456
30457
67665
59183
2049
56902
40261
15018
65762
59359
66495
26444
62459
14694
90012
31940
98448
20391
79230
37479
21345
9947
23747
21768
16559
39219
91027
31171
90945
99651
73035
74099
81247
53839
66257
94743
12231
32510
30490
58909
25954
6067
60083
7293
46597
14901
24380
72479
2628
24501
21631
62911
87920
31869
62945
98375
65613
83802
20945
90840
51472
90395
7814
83770
23833
34452
65403
96624
67861
6022
61638
68029
11778
51896
25495
71462
67678
68654
85652
92888
77874
44905
6364
68456
89609
78388
57654
86399
97299
52666
42626
19612
55493
82746
53942
64492
23076
42330
86116
91243
77150
46095
30871
58132
17020
18030
46003
92090
29874
24625
84166
85909
3742
50735
12608
83812
7553
99682
19638
80128
92425
69839
61946
68937
57809
53870
72002
52002
12958
21632
55631
17742
80226
82835
53360
83985
26813
53678
78069
10868
54758
96539
16889
85284
97734
10066
74027
30368
92682
40964
76660
49732
37917
35066
33707
82839
44914
52722
29360
92598
50370
44420
27111
29100
81834
37706
97314
28842
77687
50765
41330
31739
66559
50177
36018
62424
81170
13500
89938
4742
73305
34414
78602
47553
12553
3731
49537
82112
11333
86996
36986
68742
27781
82123
52586
39816
81718
66406
94927
12443
59341
63868
36868
19110
99074
16006
38492
45996
87274
77708
91022
67775
81870
76776
84211
552
59966
8204
48202
63282
50251
67235
33273
5440
59744
82494
46845
87320
23955
3689
65117
24658
63526
82580
96072
81212
32453
76723
80631
41197
57785
10043
79428
68752
9878
46489
72732
58213
60615
6563
78765
13060
6512
74782
21026
53184
56113
11299
67597
49299
20347
51865
72506
34486
24618
21780
4373
31104
32088
76507
88650
55086
14244
80024
31991
30714
75345
22477
90411
31656
95809
49466
71658
35356
18
27299
51106
14991
12870
57269
5392
44577
43204
51983
53710
59108
85242
1965
69288
27651
26480
19860
55640
86320
92249
84639
87114
79351
445
38249
9928
3407
32825
12191
7930
5592
97873
60828
54473
56919
83741
53532
79744
30556
18877
28220
64439
82426
66768
77258
19159
2699
74826
98068
17235
92613
62595
74211
11891
41106
68350
89884
56459
94752
33907
12251
97901
18806
65829
50317
99472
606
89551
16029
8019
41826
13754
41083
13169
67209
18450
95129
93573
34613
91161
59589
26926
61405
14921
2635
69659
73478
15717
75862
88576
8727
97282
84964
40458
48327
64478
46530
54939
6769
67747
72314
66340
22409
76257
48297
53229
20314
55059
89679
72120
67515
79287
24686
99915
16406
88703
26224
73661
92276
80767
23042
31
62312
27598
25630
71159
19187
17164
28973
49674
43546
9438
27623
17366
67179
1575
57296
66042
66563
24137
2721
8216
67745
18304
62699
82572
38696
3964
94596
45575
86816
29148
70270
25236
32298
15496
74355
76376
41148
41500
57231
26631
20564
64426
25420
75266
46971
1367
54891
38102
85643
19783
6723
68777
99431
98979
94549
36899
55055
62023
42324
15540
74458
73549
28697
96672
59823
76821
13119
63924
66029
21182
66814
65451
38798
40426
97026
10720
84169
32224
68828
60175
62333
25243
61715
60768
62402
30333
47384
295
58978
89050
70400
31419
84754
41038
38642
25407
90274
41250
93202
57082
67975
30204
73338
55296
88036
30138
49349
61424
76675
76122
63908
92687
63943
73029
20977
40278
73561
14909
40336
48291
83944
94329
3403
60594
56166
41269
81312
3705
92412
43864
52812
61311
54595
77928
89007
6100
60021
93159
56054
11189
79048
68340
71716
26362
59904
98123
80421
33348
13410
47777
29891
77366
1477
88467
59041
59969
54224
34167
68948
22469
68704
95578
14621
18045
78219
18409
82931
29963
33112
91252
46740
37274
17575
61050
26206
8611
45173
79619
37110
80459
14139
67726
27028
16684
94865
34339
11944
70879
18349
27126
44633
38878
24475
31146
32252
73359
61969
28794
35593
97109
78353
60351
99874
75291
92531
8034
60977
54298
76867
66941
93145
26752
21750
58717
29764
20695
62954
50345
23208
98291
68714
64404
87817
30329
28099
8178
11009
77751
73056
24187
9580
27772
1302
43192
51990
84782
89449
64
21564
38313
91616
68205
70014
7806
84431
6130
45396
44886
36490
32401
98120
57279
33629
5323
23713
98245
39298
95170
63224
61287
95593
78643
29619
43958
67254
93468
86408
31356
51152
54382
46897
59403
42818
87221
68796
1773
31533
71772
7646
40405
77357
73684
97199
27925
98977
37558
11945
81568
38332
24289
56019
46763
81459
27232
80495
31806
87463
51643
72156
4511
77817
94815
35700
7498
27154
24493
98460
52708
19039
68760
44177
9446
78571
72990
53806
94095
57858
17438
86879
48692
16902
42095
98538
12445
11068
77581
24999
48003
53745
17221
42851
82930
30555
65224
44829
58437
31735
67819
23694
53489
61910
15273
58266
74477
16047
46271
84761
96071
10346
20575
5822
43258
3314
64660
99032
95449
56917
5277
26686
78473
24739
47136
53733
75673
37006
49860
39675
66879
84745
72191
40137
69565
69083
66258
63816
24359
88035
8171
92647
62715
23603
63893
77978
56716
96209
76972
54890
63894
86738
6003
86226
94282
30988
47544
10722
43183
43547
94016
27146
97639
99897
73708
48974
53048
39834
70609
84364
24019
86337
50444
87511
72388
31811
38967
95605
42831
24956
69664
2530
56555
68021
14992
76983
46117
73921
76967
80622
45546
11605
37768
52093
51071
51554
27188
5531
89504
56318
72940
98935
76477
898
41287
24139
44005
87276
95404
17491
74037
91033
98316
69676
24560
89192
62124
657
46547
14987
89837
41355
89803
51683
87804
48713
52942
90383
2112
35061
13866
93135
65944
26511
89118
81846
84437
33619
59233
38346
90009
80925
790
30948
66912
68466
33190
13987
66492
84025
7529
42898
19739
97870
59107
20955
66832
56583
84352
98310
40584
55458
22568
91592
23096
58502
77413
77950
95362
22496
73439
6969
79323
46430
70484
30341
69272
4420
84220
7251
62464
88569
66902
95501
38512
50564
61612
69403
58808
98585
49511
91005
64298
43526
27537
62225
84219
10101
22053
68044
67863
19311
13029
71615
7911
60540
42201
38386
31114
38096
76739
50344
27479
10357
48110
45582
92193
64762
16977
51003
22860
72797
92571
32163
88331
42597
25364
39261
72928
69163
10947
45409
3436
42458
51799
44611
78036
99787
57944
22924
80875
23375
73785
91709
75029
14228
90482
11920
85048
18983
40884
9197
11845
51984
75548
34369
93212
38100
37019
39722
54710
19729
5452
22550
19625
13841
30766
76364
7145
66101
61820
42669
15384
72923
32657
64798
72598
14416
40235
87578
27283
54612
9826
26491
79302
25043
43645
50895
58077
16095
75835
28169
7323
72794
46849
13657
68887
25546
37761
9608
11382
58642
19431
96870
68002
32344
7642
38196
13240
73829
33421
79372
51446
52109
42577
19369
48365
13741
51274
70048
84417
91441
7838
56333
49022
64261
93494
815
24717
84193
30940
54959
26689
15487
46725
67611
35722
69641
35832
54434
16866
45139
39545
29308
49593
3808
35641
49393
73733
5606
63372
87494
86336
18021
69480
75536
75982
12791
98128
30424
69951
29951
45276
66483
96237
78826
80121
89204
42478
3865
7042
53281
52999
72368
99283
17408
84557
98826
99688
65095
15617
19464
63749
95236
92892
30623
34400
60434
13304
63747
59745
22929
1992
93581
11779
4104
27057
2723
12899
63910
54789
94618
72249
76006
202
32394
77370
94593
41707
42297
20249
33788
13377
80034
95525
17087
13367
28763
25128
58420
67180
52123
79184
40693
91809
58952
54569
14520
71603
94763
24595
33726
51144
1343
56952
32744
50878
6111
58671
30032
10876
64409
28174
81200
55395
41654
32771
5413
51087
28885
9748
74977
53579
37285
66444
85137
48663
49623
66936
17125
51118
19174
12531
33976
84595
83568
89248
73107
37669
50093
94522
77560
39784
77664
28525
71062
24713
87634
25229
87643
35839
83822
94676
25953
91549
23739
17246
92351
13200
19756
40554
77740
39800
18262
73158
94639
57167
91242
24509
78149
95718
46920
40506
4180
32655
75186
21100
74464
77757
11047
64975
33594
14688
10082
7776
65808
78586
55478
5751
64430
80484
68791
40067
9679
59510
8813
33309
57035
25809
32103
41544
27359
77738
29704
87665
89893
32600
76319
50362
14620
87900
39530
47705
72372
87054
13700
18397
61795
64099
38975
67062
15059
35489
42841
65554
76158
75722
71525
66038
32770
61140
76252
36656
37480
8004
48168
42813
69434
88897
34839
42763
90142
59687
12584
74311
64079
79507
39773
3039
96931
2990
38064
74484
51424
88098
4553
71305
59186
15636
49214
33879
83871
80350
5621
20172
58522
34305
49427
45811
25527
57205
53548
44184
49119
69699
27096
62901
24485
68621
95978
31877
12181
95929
43458
49554
1498
58410
22902
88350
75347
9005
55200
35965
29115
37830
15638
27699
37158
72216
49098
21781
51988
8618
77330
67060
44054
73930
79791
31880
94713
68939
20833
30478
71057
40619
21558
37386
35223
24171
90398
30978
30115
23744
87993
87282
52516
64876
42075
19107
35483
76829
21159
60833
36667
36844
25269
10437
49175
63812
62953
41865
8119
26630
99887
30302
58700
71064
37186
15705
37072
37992
7278
36957
5963
58738
46736
33653
10920
94853
47631
49371
28848
99159
4865
59766
61504
99400
78004
69389
80932
55913
86152
99194
21667
14906
68217
35161
93718
55491
21930
46246
88113
33616
74889
25725
25278
57094
49446
3771
20083
32232
64939
71058
51720
66628
97475
61207
914
54419
61538
53663
18154
79087
88755
40521
65932
84005
11893
8711
73369
71246
75695
63104
67463
44075
7858
87811
85872
35487
82277
74968
7515
61487
13667
40215
75165
46443
44363
65819
20366
48182
56762
74471
71685
7779
26657
62119
9360
24565
57760
41017
70440
94218
82472
97401
5451
18749
61722
47309
90685
88613
73154
39176
96291
78207
65264
69291
64451
20054
53653
28655
76809
7190
86566
67226
99846
50375
65582
52565
16275
97236
63212
15874
32869
94730
80162
50842
37701
37230
28898
18533
39210
42692
47863
44665
95737
24888
59504
97708
30007
14952
92109
6487
48471
6001
3804
83693
59826
56576
26970
40773
96515
83576
54597
20153
11684
34823
89087
88030
38445
28519
49912
93738
15179
63319
64923
91389
23966
78741
40637
92497
23920
92916
34506
50595
72869
26720
69541
77748
52949
21046
40311
1661
93936
51948
955
63668
12954
34071
50357
91488
23858
47827
46729
35197
76214
6697
30494
50601
70360
85658
33196
3020
63019
97944
312
8649
16603
64161
8767
84147
17424
49077
95344
23657
10072
21322
22601
70466
94688
2448
92873
13893
29084
82611
14325
57347
94206
96983
27192
50684
50958
28031
21873
86230
46121
81253
30543
89418
17030
90194
43333
1890
87803
86927
11791
15793
66617
80789
25024
13962
89512
88832
75495
50137
74636
11895
94025
80512
90602
80819
62128
91480
85213
42792
25065
96060
48441
43991
93578
96042
48878
19599
90467
15236
72421
73268
95285
81482
40006
10147
22319
57853
90505
32563
39041
64150
7671
22612
82619
34038
40801
95046
34412
10960
68136
87343
60212
66301
24059
11156
11998
95925
29729
68900
94247
35011
34801
62994
72014
75935
53763
75647
9333
73024
88242
25466
45281
187
71150
47996
42070
14023
57381
91086
70459
33703
74990
34078
20634
46146
80272
70422
58267
45262
21467
32653
14611
14402
58023
87828
28292
41433
19105
64489
89177
54009
83092
84655
96389
42167
67739
33559
26024
52426
77700
81843
97863
15233
7487
79415
6593
63985
33683
47963
83641
72296
67021
35622
7122
97368
20515
22117
89042
4871
19372
54424
23996
45699
28212
66529
12301
42767
86714
88817
51761
89345
56682
18745
61757
93328
91322
71725
47874
76281
92201
13518
80402
71864
81039
30305
80728
99386
16830
41689
4989
15697
88430
83484
87441
58465
65394
27194
10408
78556
18205
30392
13556
94997
90367
36806
82398
58748
23173
62003
34066
85005
97115
23017
50859
77160
45757
42797
69965
84307
32248
18561
29276
14233
426
83218
99683
69265
48016
73906
99023
28745
53487
88779
96800
9917
14490
15271
51822
80582
21751
20201
95858
32698
61728
61092
87225
75930
51168
65903
9316
95963
37767
64819
53044
11509
44580
61077
644
21807
99992
76392
1459
30745
29993
14679
84606
32601
55677
38988
72203
40536
54278
70831
96904
48744
25649
81548
1721
966
36607
44523
60261
33445
5599
43740
87294
18809
92422
69936
74062
56596
16565
2571
49782
60998
16162
52130
93396
87515
9229
28440
93805
29323
32444
50771
3008
24494
15364
88369
79246
35238
61409
94669
81326
19804
19801
75775
23544
59356
75419
68518
82830
10538
53060
75873
68434
94107
48279
83820
20587
42332
45507
29686
17623
7090
47427
40350
91821
53259
65092
49981
20013
13049
56479
57301
49742
34771
29849
85472
10386
85556
41943
62978
39766
82462
41778
81800
33394
73968
78076
61173
44598
83887
16574
61674
47901
51594
69843
33927
88760
72243
20425
92572
94668
81478
63773
82344
6722
95985
50819
14903
67321
17166
27626
87449
65332
73449
19173
41247
44798
17731
44832
99394
31903
30485
1023
85669
53706
32728
13535
95487
63067
18860
5937
52910
38368
35871
4153
40490
36603
4824
21468
26028
87823
16420
12108
91753
21094
70989
46197
39995
97361
99994
24627
45777
28403
54986
70108
67984
26992
3934
94919
194
36586
51543
43566
26726
93734
33551
18365
88414
79895
97287
14181
2826
10702
16612
30652
1870
80501
31412
32138
44768
97477
45108
61290
55535
95161
48255
11647
69325
64984
47818
82252
20137
75287
32489
29775
99125
45930
49154
21291
24390
17840
13970
7318
53342
54062
61138
71620
94237
32872
15121
28412
12784
19435
18441
8136
49625
35250
92407
60388
55334
10610
33716
95057
71926
26549
57546
77781
58448
43370
32650
72801
44076
98800
10689
24142
55167
62051
6789
87160
13504
35387
96401
61433
23779
57752
99603
45332
97897
62305
92212
70734
48332
6596
3836
88529
53122
9783
99001
83244
83929
83389
72638
79950
46257
13671
17450
13250
42736
88317
27815
3702
78027
43530
9774
33807
52401
33279
77161
40940
38106
18348
86692
45560
28684
71020
70200
81588
28831
80694
78154
9653
46942
94573
9476
13171
49988
87223
29954
86844
54033
52065
10135
11622
88851
94212
80519
50383
16973
31480
81905
86621
76847
31077
18826
66454
57606
75028
77877
62783
45906
45014
10269
79530
7130
67523
70241
96507
66788
88497
4050
8951
86089
26390
57179
43125
81603
8031
20929
773
98652
51566
4396
49868
48984
18737
70450
41968
15930
72223
31219
8032
62347
29657
45150
6158
56729
76086
56873
15306
3636
97134
83546
47689
2264
59204
21427
94909
81953
28769
49357
56790
9922
28281
12577
37892
43140
36518
40933
81950
43699
74824
89964
48613
16226
58644
14327
91559
37878
4893
14365
45383
95942
54400
32898
28648
65437
15568
47291
35509
88872
2848
6881
54752
31238
86272
5193
48186
82922
91145
4828
58101
12557
49095
69679
87865
40927
11674
44664
72978
79219
46309
13718
31947
7119
2664
87856
11297
28563
23812
56840
3210
65948
42197
56018
91979
6577
30399
33215
32936
51807
68471
83551
46812
94977
29002
21968
40993
84332
42990
84865
7056
67704
48529
33602
53997
42040
89128
57125
15822
34499
41555
45424
82806
38779
65390
23412
35750
29831
7160
2324
37160
21056
99548
77578
38812
25250
40168
98489
54699
17851
59647
28659
61316
41592
32552
91700
65507
2345
64786
37823
12545
414
12196
63
28786
18964
42823
60414
29885
59445
53218
87954
13529
26521
9760
6666
89677
12972
77217
35711
35561
62599
71465
87067
98694
46242
29430
58494
83114
15226
96804
51630
68892
11734
13110
85726
60580
70085
21292
91106
37937
31916
64832
51129
63498
4369
62646
76622
47968
56557
47781
2212
77268
15235
12495
35583
41624
48966
48379
85179
55446
29604
23102
89332
91662
29611
4138
83385
74862
97725
46477
50875
53754
64546
70919
87892
63799
73934
23735
19342
20900
82618
78112
19825
29960
89630
39314
41491
51979
78271
87017
22806
48181
3817
32074
32157
76794
17161
11832
91100
71188
43999
71847
70203
27323
54954
29043
62836
84808
5438
9434
56852
53447
91037
22119
79179
20674
49329
98830
17274
86240
96230
9095
49411
22506
68298
97569
13862
79391
77645
93586
69751
30927
90279
76618
19748
37641
44525
54356
79913
50071
42056
93357
9536
87190
79235
408
80986
31458
3665
48958
15614
50597
39663
18795
84510
76530
26708
48218
48230
27304
40678
92177
78716
74267
48191
78239
3989
97054
78012
1152
57184
62120
56857
25903
64979
93935
66243
54919
1403
7361
98080
47251
33817
16555
31804
84790
14082
8692
59244
59666
85850
89590
18188
47694
88176
8515
30365
53808
82054
97981
73882
4903
60669
7848
6023
15093
61493
61483
56749
9449
88332
72751
83486
50491
91312
85408
48831
66094
49169
39817
76919
21381
43085
72508
75426
4792
12646
28948
22944
72748
93976
79928
60848
77180
93984
57344
78618
3942
79697
33488
21868
49315
30842
41972
19905
54225
4653
37261
62623
27999
85017
11970
6159
88792
70187
74853
5768
35520
1288
85907
80383
28030
48312
90954
45899
56450
64721
7083
87420
7666
38323
30343
3379
6626
44024
13465
85883
13021
56617
46370
34240
86840
21476
87976
59835
17262
71472
75677
2575
52578
58283
66943
80564
63593
32459
35188
78969
97376
25129
83338
81521
26688
48020
69725
34294
59279
96875
88969
75052
54110
9632
70003
19561
59551
29496
42073
88991
94556
39871
3199
17804
11798
26510
71129
83237
29018
82704
41463
94536
43505
66040
40446
63403
53460
49877
55230
24173
53387
86588
47923
6173
50889
82597
17546
63587
9929
50589
34562
44566
33259
78743
39715
21308
99884
80422
54411
44874
36081
45751
19770
60185
91062
24366
20778
82975
25125
32684
7883
29163
16991
6985
2257
84181
12787
79517
55057
42532
68151
81980
12842
35995
85276
89929
31852
55313
8931
73676
10023
37543
29994
8328
3274
87908
61066
37328
54170
19649
24079
49039
61688
99445
4395
93294
63976
91049
77953
22108
835
93462
99009
92516
91967
14431
54457
707
14733
60905
3999
92162
78175
81812
76770
19569
59285
68983
13413
51043
47567
56401
91093
53640
7425
98146
92947
95091
28570
71310
66169
8198
34629
59312
94623
90787
85095
61224
92951
97021
16689
39256
53402
28717
86444
73899
8079
7191
86529
40314
58421
70202
73544
93436
60787
63254
19004
10349
72037
93608
75025
88950
98158
23856
20029
38709
64081
57678
68481
83652
17647
31159
38978
7340
72446
89413
33762
67435
55557
26497
55451
1906
48425
16399
64676
52739
50231
80035
49217
59080
85178
56302
21559
64719
44697
44047
33462
23170
67332
31800
11678
85478
23226
83946
17809
64285
22418
21941
79444
20805
82110
82759
20205
98679
29982
76928
72746
65957
51040
95550
87006
37729
78166
72467
21478
36695
86406
116
41958
95694
32647
91221
56402
50928
95966
19473
38720
55773
94026
39662
51578
58453
10272
86890
41521
38896
21135
67465
63647
14266
57124
63524
33469
72836
62939
3905
92973
58847
73870
77545
21319
59476
19079
62485
77245
10908
49900
78806
63853
87791
10324
6209
3772
43788
79247
52551
24148
46181
84537
30348
40353
31812
95124
98584
18585
96970
62831
15145
68564
6052
53065
65420
78603
95711
76777
44392
36336
58547
48696
26784
21149
33753
32639
26824
56478
67344
14672
10248
11972
23655
78238
9955
35459
80464
49802
79135
86696
7996
40920
21198
59030
53768
89714
4442
21695
72623
54942
77132
76185
7215
17650
55907
85788
52712
72544
61313
11004
27383
13299
84689
2292
8921
73765
11457
47994
4713
37734
54661
79904
20382
47154
41665
65972
8702
54001
51637
38209
49879
94437
65876
53203
58566
35942
45654
35003
48965
70581
35021
56560
64891
84059
39949
42340
47726
20940
36516
36442
48577
56652
15708
87985
10913
10127
29920
61091
25904
57876
85278
57902
17928
68085
46313
93046
35733
44149
42905
64009
64991
8943
25215
39199
95540
13206
90807
96062
51296
40358
5465
70743
1170
59393
84814
49270
82469
68571
92311
38124
21392
97306
24663
51125
47915
39143
95464
87280
5758
14255
97543
88491
83203
9391
97029
86605
38807
5990
81162
40553
96238
60918
82063
21000
83873
42510
18751
49201
4111
37720
47768
85657
56377
24028
83292
3853
19799
43981
39596
45768
77503
63811
18139
71717
58924
68295
63556
87600
24207
24031
83373
15924
45622
5090
70664
49330
65427
28409
98954
56782
50512
94302
14333
62375
17039
6507
1559
91403
57114
37360
84390
53434
57947
94497
45132
8962
14084
57438
84663
71298
15304
45329
56796
3738
80160
38234
68815
89956
62796
61183
87033
5169
76729
28776
84824
52576
38644
43859
47751
66192
30051
64211
63352
67432
33795
40276
43870
50011
59530
2419
44924
77508
82010
39693
89625
23462
64128
77328
53892
27987
19835
45657
20839
94070
12245
22217
82877
70653
54154
26114
81282
51006
91736
91096
55457
44398
80987
4432
41321
13917
62207
35859
46959
37649
8876
60454
15373
6341
61331
8113
24338
50903
26121
90533
43259
93660
808
71999
46655
86978
13977
35884
55969
31254
1815
37215
39558
14948
81637
30134
70306
90221
18024
68449
78669
66366
71348
67061
90869
67202
22042
41603
23829
16455
43139
92127
24229
93121
23477
40641
79073
20377
33083
48184
50233
21137
23105
16554
97321
38322
94963
20550
90183
80724
51870
40444
38631
96682
60265
70854
63771
37832
96889
55837
38107
79207
23254
71711
39646
46701
26574
77662
38732
35920
99158
49684
31541
71070
99896
58560
55474
21142
44396
67987
99652
6298
83355
66152
30013
71358
20795
1066
36747
87540
61834
31862
96890
31424
57989
55115
54133
10230
38136
44593
26205
63100
36013
25544
78847
21918
92357
33301
90726
43425
4789
67485
85443
42042
44865
65776
44230
93432
37245
27678
60745
25085
13446
56671
73462
99998
97239
98392
89627
94103
40011
41096
86826
46136
32441
73438
27460
90701
59202
87452
61989
47513
20145
31680
45593
13499
39604
91211
89245
61737
20860
65916
80610
98142
64850
18505
32018
86003
1465
37862
44196
12671
18072
87308
40240
66489
88510
3588
30768
49462
75334
15720
53298
70248
31391
16749
94478
83942
76830
32264
98122
6560
54831
91844
7271
59623
48485
38570
42695
99212
25308
37782
6523
70852
64926
14820
84674
96647
5626
34654
38617
85121
61423
76820
33230
36699
19150
5823
57981
64490
36958
3359
50040
32100
7723
69306
92749
81394
97383
88700
7640
83106
78928
65376
63436
41811
53848
7062
17036
60800
4495
28998
91332
29632
50377
78478
3802
41728
54888
34528
64613
1369
44271
70933
79799
83324
19240
1798
88050
36229
73283
96771
39374
59698
80957
58017
77713
3827
46391
64295
28157
63774
59025
41458
6966
83384
66517
12300
70693
76415
65042
65667
60062
77634
78282
74281
46011
47913
47767
65124
76188
53636
50526
3392
1151
57519
49192
15579
47562
99572
6803
87477
50225
72864
70780
82464
24585
56665
93207
11116
72696
96733
34284
9647
54472
34002
51527
2511
46513
85356
66325
46178
50488
32116
17292
22884
71957
52856
14247
1757
12250
51100
54532
64180
53200
52769
43427
71692
66762
41702
2858
35265
56602
73537
2239
46645
46409
72144
84023
27818
28908
33076
7441
54490
89438
6454
82802
22858
39467
35173
28701
12491
95580
25970
20075
45758
34489
73314
94685
1673
94562
64581
99358
82223
63147
1250
62317
64392
69109
6238
5422
81093
75730
73620
17511
12002
2158
63208
25064
54249
94746
7623
6309
31570
38211
10552
64607
78072
10696
3172
40101
34461
7415
19302
72001
50275
94129
22396
97658
47693
8215
65450
5722
73739
22920
74031
65197
97055
1090
44009
17106
45197
4209
89554
82569
62469
42954
78296
60165
47570
63854
45342
96917
27282
18369
77852
85964
12243
69705
42310
76696
60315
36156
69681
33111
57564
885
74393
22213
39511
26591
17498
64642
58272
72707
99345
88218
94827
72491
85333
35796
63970
28064
57878
94079
21034
15943
27183
20842
71891
34270
98813
40529
40081
37474
83547
57896
8044
59193
1328
67684
86386
70611
72777
59982
95364
86898
5315
85533
44578
83745
79890
12872
51907
61335
69454
31209
45386
67995
33986
30976
48436
14133
36031
76318
2513
19339
58974
48910
744
86279
73793
89435
9021
93398
63445
82169
43474
9985
4455
93299
51711
59767
1391
11866
99153
32165
5752
43178
7941
38630
86380
70842
27734
42400
71486
12756
84866
1000
81752
10637
70594
57434
93297
47980
57433
59398
4610
54619
32870
52835
47497
77430
96967
39510
56588
66643
47515
8953
25325
59762
6761
10475
43214
96286
60300
19740
7138
58753
66966
54072
18850
60029
35329
61279
86246
64875
80433
68842
32280
25665
27066
72154
13765
44527
85721
40833
33532
27002
32820
90944
84079
88017
76402
70408
59444
80979
6863
43724
84809
66690
86791
19391
14046
87372
17608
33998
98720
29425
25900
35747
79656
4619
14625
26008
57888
63547
42270
37378
90503
67168
73506
52285
92309
9221
22850
86991
51682
1808
48567
9540
87359
79869
28112
66861
33217
81308
9761
10167
5191
92857
10351
20531
7182
68116
9358
90468
84439
59558
90052
3703
55177
50321
96179
54270
26847
74116
47984
80876
92054
28444
61251
51693
48221
78719
23457
28142
4443
76681
93609
56984
48791
90306
61581
13411
62117
67456
55048
55471
86563
85271
19626
14953
93090
82364
51670
99664
13638
92310
93246
29444
99302
814
6256
73163
66927
91363
65377
10656
18603
78348
14381
91859
24816
67284
76857
96283
5019
71934
31587
85076
7252
74565
804
58444
35436
17872
89293
23519
63272
93896
25435
75021
36323
13756
46642
88184
49465
62125
4178
89815
34622
94266
22015
25256
43773
32201
65732
8391
32903
1518
4614
90125
57832
40000
4238
92434
85303
54740
58009
16231
26242
11706
7324
27199
50695
95471
12955
83780
99628
49688
13527
83601
70386
30792
35231
73346
74329
71274
669
52646
94661
11305
63813
21163
30295
20948
30400
52404
75887
75444
49258
82852
32641
36110
2000
94384
9395
51084
11825
6334
67531
87603
45513
3361
22014
53564
96032
73844
54963
65535
50015
47498
88348
12006
9962
53691
82904
85124
71491
55765
5225
79575
81234
42558
1446
26281
77696
23312
17322
38340
6412
96217
51112
79141
55549
81608
57365
39901
46880
50746
21475
16636
15013
59638
33505
27783
78109
1324
31265
58591
63064
12844
55467
59399
95962
87334
44734
74822
10253
1545
8578
15263
7624
95259
95086
52069
32075
56319
44925
21160
3936
69316
96530
51426
90283
5328
76096
94198
19238
38660
46882
66085
12561
35204
82299
70368
10397
73719
5911
3366
26833
61607
65149
3639
87181
80552
95266
55326
38360
40445
37426
13078
58871
16664
99324
68176
27784
33189
52767
22383
36345
4313
85156
23764
48289
21181
3616
96166
42684
47856
54727
75371
40270
45099
98501
81711
72863
11491
97133
95304
72113
52525
16397
34824
5861
34114
83806
70184
34990
21897
89524
41442
82006
84183
71468
23484
7662
91012
51535
53251
84419
20115
83267
34231
78721
40293
58521
39418
48907
76072
77242
67348
71268
16358
92475
10922
40166
8975
67491
33955
49181
620
69657
45870
18694
99011
68954
49347
97518
81107
70456
85240
92140
65038
3230
20910
91995
10967
29964
73164
11140
99685
51248
56930
65335
87752
89227
85125
47382
95900
21891
90623
92313
37035
70097
57505
64021
62757
28995
35982
5591
46675
39732
70678
55651
63678
55477
53991
72694
70924
64198
18780
11411
15912
81476
69249
31074
47172
77265
48105
38195
11260
38869
97604
8140
38394
42517
47462
70619
12413
15020
92304
15411
22857
25624
14385
19474
82634
17567
2216
79186
16288
88362
12983
55590
96182
60557
17145
59511
83180
78178
52017
50614
47156
49135
27715
11830
38859
63687
84560
41610
87191
83426
54267
76997
8443
3377
79004
6736
15410
94907
77832
85945
22122
51585
24558
99122
42129
87065
41484
81233
98428
44993
33038
32782
6530
89696
79279
4512
79297
80046
51541
40061
68343
1452
84084
31499
54829
65175
19566
23144
38452
89998
42068
87005
28116
29854
19296
60232
34840
89497
61003
87406
73836
43110
3459
57349
62672
43215
69135
42156
33426
7499
78476
76497
95662
71013
52805
95538
6162
27955
73754
89483
88939
83109
87517
39579
75269
13735
31482
98722
92739
11393
29254
74901
72017
36626
11317
15741
47912
11672
92218
11740
31428
53150
38025
86431
41048
80756
89766
32256
87344
21582
41256
85863
99632
47799
60838
72547
48933
5265
3257
57426
59730
23445
16153
53302
72758
29472
36635
42069
85822
23056
29033
17165
53558
69914
85116
62677
29971
85281
73602
338
95945
32892
11553
33265
14319
96175
34987
85748
74236
91921
34774
73446
6376
77064
22559
72448
51484
47704
53692
6093
1153
84812
98348
88785
70753
91561
45499
17833
95755
89381
36276
76501
13679
77506
73290
54936
98517
8012
9298
69404
98459
80067
24532
11638
80084
95188
30133
2863
34105
92189
61855
3612
10383
51750
82070
75750
23859
87024
83250
1878
4377
40465
44334
77976
86160
25529
99387
83263
29655
4580
96743
9749
4327
95187
11469
25356
75502
88607
12454
83081
67734
43487
99955
47737
24337
60910
42667
96129
64317
85566
34992
91756
20683
78083
76012
93031
82520
18447
25183
58670
77437
71322
81314
88737
73656
22553
96219
30881
1778
36470
21894
86541
54654
81782
69718
90392
92595
54469
25773
53035
64916
62477
95891
16938
20505
4017
35393
92672
28976
59616
63406
43016
71941
40988
43701
37560
89686
89797
99931
2430
68169
65319
6826
17034
91427
64566
5743
41885
5488
6080
37952
52872
22384
73838
76200
15160
38782
12778
35481
96342
80928
24555
94416
31585
943
39078
15095
39281
89762
75974
83821
96855
72402
30626
97664
81074
23884
5873
27139
51946
74815
96645
47132
58589
53896
80607
98211
10360
37335
31665
90626
2457
8147
89980
57883
49483
67799
37005
68209
70698
44528
85927
28949
63650
96399
82103
50586
71291
13018
20063
62956
12457
22209
33605
55215
52957
45135
34077
41694
29328
51888
28756
28301
91577
11027
73090
87787
9597
66226
33183
73022
85612
93815
14311
50451
30205
37717
55650
53227
81057
43882
21875
55466
74375
19032
98569
43286
59765
28003
62794
89145
91878
26076
75917
72386
80462
67640
68222
92693
34430
30986
4673
7829
15543
82109
77062
80172
22366
73818
21766
14858
38791
79732
64610
8847
10459
30675
55760
60340
5291
40131
33283
32981
99779
4305
85825
4354
36820
78067
65168
67407
80922
19246
8279
49968
58317
74728
81701
9802
95238
26164
99698
54155
85780
86832
35512
77583
73563
74684
62323
18923
76609
50338
91084
20854
50003
11298
27238
45975
82017
96605
73066
25391
34391
72959
27125
94108
26829
37140
75374
30970
51576
96394
51057
69299
92962
36127
83856
62730
18129
71332
81790
57824
95007
26423
19940
9980
62741
6873
44959
92045
53735
69640
69390
61341
11904
11141
49936
54747
71030
55257
90805
67953
82670
86924
98869
17985
70636
77432
81337
58002
60870
72313
29742
87997
97049
55868
56138
28737
36140
46891
98167
13441
84314
60826
85398
48171
84445
91399
42230
21934
16436
13825
66478
63847
36608
12560
55906
1706
26035
49224
4326
51936
89997
33869
37870
46158
22244
53266
64519
67994
3170
32404
50785
78052
36397
21239
26972
43743
76056
70674
90493
88774
96444
98608
13276
78904
90625
3072
16825
58393
96885
18056
60180
2846
14629
99980
6910
43586
20794
71366
63939
94060
67066
23718
94139
5819
93281
65728
67479
35431
83864
51
19027
63145
67728
37653
28900
31615
78525
58419
74402
19844
73842
71251
71083
38235
19323
21838
36867
94069
35677
86319
81228
5632
38022
76605
22891
94405
82550
89707
34050
52134
71548
45793
35708
24664
44248
65942
27962
67821
98106
43283
68890
47919
46149
13668
94755
67798
35662
82058
78386
9926
44871
24863
36485
42539
74264
43748
78030
43623
34423
63326
82116
79831
54852
31670
40481
13740
69958
91386
81884
39937
3180
14840
12985
2940
45743
22056
77960
1943
42724
32841
5298
96168
56422
9029
99203
40347
13503
11022
44932
39685
37976
98299
27950
4068
77290
14078
70899
85755
77267
74810
98996
84817
44060
8022
12411
76093
39107
59415
94211
82160
4274
51940
98154
5668
80193
17766
26418
93740
156
12755
8040
32616
29650
58350
25301
68196
33898
12991
54589
66465
31632
2928
10758
80529
6548
95340
93682
123
64651
39740
10618
20789
57821
1782
57530
77621
95606
7394
65782
74094
99097
37153
62407
72486
34710
53435
16002
3923
28766
20313
57115
34216
26706
23435
68693
83001
26739
31930
64277
5195
37427
44250
61200
48173
97990
45505
63379
43376
41450
43959
10550
61765
65710
59335
71109
20109
35529
65922
36589
39084
57399
12179
52223
96236
14980
27867
57360
35426
47405
44977
54123
34106
62729
6743
26278
34811
43207
55794
48776
34676
35582
28243
63871
56757
82005
9667
60661
5975
45973
44588
25234
71194
54498
124
41273
21444
89342
23941
90044
86180
68787
72560
48348
79099
31596
95108
65967
46591
24976
12092
44893
54898
57051
6541
4094
11494
93652
60068
70695
73626
95765
80455
79779
39089
4986
66894
94425
26116
49604
5058
82886
57718
26798
20624
76203
49679
68623
47340
99721
99991
66811
6295
20165
80793
79490
93502
50568
22859
33143
89460
59636
39961
18243
97736
95280
61034
44158
29690
79664
80332
47982
30227
20703
99444
74469
76389
65181
2251
72565
93645
44679
81176
62660
9817
63438
98409
68785
66277
3910
63065
14223
86501
59839
21953
93843
86411
76269
76067
39155
14160
86451
92198
53791
83108
11445
68490
40403
51220
22092
69616
16662
82888
7907
34851
66078
48612
63128
90076
79847
26554
61965
74856
18204
53013
47763
96579
94276
33984
94189
39323
14108
40948
31872
60511
25498
36019
48983
1759
98337
33682
92810
15387
60880
14900
98270
88303
67370
60925
77154
43029
65305
2803
16210
1412
94608
32875
36871
31094
85896
70918
72548
49271
49822
27348
22492
14464
67484
75558
52116
35640
31119
22834
13289
13546
31717
8922
76828
84230
52711
55222
13433
87869
42507
79153
77291
19393
14097
7927
59094
90346
42061
63580
87912
9081
46201
1877
67569
14628
69814
24701
52932
96708
31032
90421
71182
62749
42814
23203
42096
33806
31205
63793
81730
48388
21521
36226
55957
3611
4813
12917
62633
31216
74058
48805
37568
38976
19738
49812
70285
47758
95026
17873
96801
92323
97566
76775
21442
50301
46189
39611
81340
24170
93082
63488
18630
52498
22602
65414
53040
34159
32041
51763
45194
87958
13050
57216
36730
35282
12944
19162
95426
49711
75598
16427
2937
12176
38688
44938
69079
85817
38497
82629
80058
78684
28051
45205
30921
1544
4916
74192
96924
97347
76992
69416
53171
17278
61608
98035
60670
66817
85579
21731
33127
53397
88697
30237
72028
7665
58090
99784
36901
24468
86295
12930
77220
93950
37309
61346
43166
25226
93699
40923
68726
99426
1946
5420
89667
45854
98071
71845
13198
48947
90986
37459
87656
77828
25438
14985
86450
14879
58455
81538
73608
3369
2842
86842
17879
63919
88192
56997
68965
22230
23186
69689
68387
24857
57143
94191
37409
13239
46082
90414
37362
87466
34439
98612
6977
16756
56540
46594
48497
89424
20266
90267
61431
43256
99234
58776
17602
32856
46317
12059
78248
8134
42146
23229
64950
49820
39671
76508
63029
99555
72096
25888
10059
94243
38596
30755
78139
97190
78930
97367
67535
91306
13488
75403
76945
63332
83905
22372
63343
25849
39164
75621
76810
86869
17074
25429
55704
43617
25749
66446
64947
16106
45542
80468
56191
77728
45677
53453
48919
80569
32235
99971
83816
83257
26317
95059
7390
5249
26998
49603
7951
94034
60042
30265
63941
5810
97202
75534
20124
42278
72593
14657
31742
71229
70781
80108
73507
72780
34859
63513
16442
43297
58318
753
74408
19438
95864
95428
9786
77164
11242
35868
87736
46435
366
32034
26918
17881
99800
36550
10094
42185
29499
71844
59277
26190
78624
96084
1761
1389
87070
56929
268
63325
4765
73623
97000
63131
61306
44522
61040
63723
88039
42269
51132
9139
1185
74807
29711
51385
96639
75352
1710
96859
13697
90636
57880
11124
16700
21299
72763
59981
46874
74794
82609
74223
99348
90372
21356
95724
29945
56575
30856
21354
66915
54616
55674
65971
57776
39348
34468
67615
82319
48568
72376
80753
45688
9227
94843
19382
57292
11055
73496
43407
86415
97072
72948
85980
33824
86882
53802
72531
93723
15613
53418
90110
90803
3570
36467
17436
34219
73007
39639
33011
19003
30472
7742
67452
58570
5907
71407
71507
53193
10303
42291
73160
47890
62147
69175
88958
48301
69274
31388
92997
35907
28509
84011
867
7636
75370
36732
95564
25127
32662
12419
76570
61804
93696
23838
41388
3928
72553
88199
71401
17728
818
54383
44228
32446
76353
69859
4197
62229
95904
35785
14336
87988
22121
81507
45617
52254
77795
59381
13147
62847
30187
61522
47917
48542
67511
48265
50689
4550
69458
98284
25488
14971
80000
75164
47620
730
37811
67482
13136
84294
30704
96025
95006
46708
65649
86016
14554
62378
96952
98851
34530
69246
4992
29246
13769
91135
79553
65845
49700
70759
17712
32301
8367
46858
41221
99551
3974
55645
92976
37182
25826
7406
8366
86133
60894
62996
99559
56013
53510
97424
62221
64346
42910
68318
55523
61704
11251
6078
38947
32658
5747
25202
66711
75855
85120
98507
94433
98941
91385
46940
50983
3565
28347
81321
26828
30430
22675
53431
86950
93438
71682
44683
78176
34189
42496
2786
59201
36106
5522
61212
19201
60872
44775
51264
93030
44489
10136
41283
2235
22965
37547
23616
24896
9059
1253
76623
9223
98161
51503
75098
30869
54711
35046
31352
51536
11273
35725
37225
40097
497
42389
60788
91131
73535
7018
69963
42113
25249
4088
73935
33583
74436
39012
27275
93893
66836
19470
74617
23567
18813
39283
74302
98951
97511
92343
57173
45571
59994
76007
75920
19447
29881
68651
91232
69799
63371
65949
19711
85000
43725
43067
82998
72661
3342
48987
9393
66552
82423
90296
21471
29937
73238
35146
72549
48648
36000
65722
14214
66274
83015
74081
24046
83110
41838
35667
30068
16820
95354
14182
99126
23202
39378
98010
55393
33349
36167
57772
10310
68246
54885
51695
40598
54279
10900
2738
34634
60820
9805
67969
68543
34424
16601
11001
19947
45334
1605
90598
13934
49893
84760
35004
75939
96425
46536
60871
55635
21307
66759
427
16957
89416
59618
82973
33575
80304
43986
77438
56936
57898
1011
2065
17900
14146
86216
97346
97648
56179
86305
64297
43781
9969
49813
95697
25593
27714
79431
90678
80766
63901
99550
20735
72581
78274
12053
22847
87862
20327
28788
44343
96133
1926
94993
85956
16951
52061
8466
27909
28227
4349
69562
44944
43993
84279
7847
13350
22220
38813
8323
20354
18598
81061
64472
63303
79824
83958
20932
29460
9677
98216
78065
52836
7936
8150
34951
27499
90259
32380
75603
36857
35494
9260
46454
83008
81488
90650
2036
40092
91557
34209
23106
41158
31097
75627
6371
55980
4720
24544
26944
58276
58296
8167
75871
61201
63454
17794
43734
30090
86851
96391
82122
48976
57641
2104
97410
65919
42757
59128
77022
52023
54849
77003
80224
72226
82907
4806
94680
36671
38972
55519
52144
47294
45557
84413
37585
23460
219
57194
61407
66199
48645
30539
91880
78734
48806
95738
8018
90938
94986
46602
31653
85633
71119
61916
48178
77526
71804
30722
97183
91304
25297
97112
62242
34813
19413
78236
51954
91855
11428
91886
7897
56995
88983
81606
72108
75075
29684
18868
2987
33260
55819
45144
17562
96082
11142
55655
5984
29302
5533
641
14103
44825
65653
89258
88014
49353
38731
78548
50393
32315
3673
12054
49519
24341
34868
13959
58828
55800
83610
54484
99629
23600
16796
15092
93809
36791
67325
12314
39922
50697
60642
71700
83158
57852
35504
27776
40171
55246
10273
88708
10979
65555
72551
93680
46702
948
84075
1904
70178
28473
92048
37962
75034
99592
93172
4707
27504
9086
86928
17122
76700
23953
27906
52270
16573
16762
2467
59365
37745
43934
98024
83225
47911
51359
17611
70530
21738
26923
90706
12305
36392
35248
27696
9153
2821
91793
91109
36258
86504
40645
15361
27826
93639
76628
43644
49816
18848
71225
39531
52208
22876
45874
53524
18475
2841
19851
79978
84678
14669
84063
20426
48942
3577
69152
77108
89781
62795
15382
47020
32507
75744
9709
61033
17475
38296
86190
68798
54242
42165
6270
25657
44690
93786
48274
31425
86744
75950
89971
69824
78253
64781
73372
96955
68146
12452
40501
56918
87597
5289
40998
18548
7169
93854
20453
86648
24190
35108
50603
76805
24006
25175
19495
39000
81559
94059
96965
31920
50764
171
44822
94576
39843
72366
68024
77028
88808
35315
79659
30112
44425
23628
17321
85553
45051
16865
72373
3166
84568
46498
34128
45926
78986
28988
60499
55461
40654
70643
26257
26102
9681
26056
15704
97468
69955
20994
97074
76238
46988
55428
33373
25304
62006
26604
12647
34115
4581
165
44846
68756
85543
16181
96938
13284
62733
14736
64073
55898
94830
21413
40863
77016
92986
96039
73852
1692
46864
57669
14815
23781
74687
83163
10317
16493
11252
85263
71283
2715
50267
65534
59700
58930
1922
9951
54353
59314
95065
96491
39405
98390
9833
24255
93349
79748
25399
50110
25781
96764
71688
83381
18839
79564
98907
85623
8733
37677
78993
75570
4201
6068
56336
92052
74254
2199
76047
25617
84456
25861
35823
8105
46868
27894
21462
7953
10309
33948
53295
35683
51251
90733
85425
33508
98347
13628
10287
54881
76546
2075
31150
96118
80099
78466
18177
25573
1851
75587
79130
47223
72665
8426
2946
30253
28642
58188
22181
51874
39751
60206
77543
29722
56320
73579
26912
58720
14562
47123
71696
47491
51316
65560
35629
12323
70766
98906
5063
94823
35876
29535
7798
19439
1933
51155
1475
38723
70696
33593
94489
78559
88862
6081
62859
53992
55873
97139
27435
48872
65460
87205
1354
39255
40770
20330
67623
41678
39162
61900
37350
35939
17478
81831
14655
12969
31904
71014
31727
86197
89475
9348
3680
73221
44952
20569
88127
38430
94377
2180
41461
30929
59714
20562
59542
24668
11048
87720
14028
14708
74117
7713
71788
22222
21507
46752
37533
80697
30840
75705
96480
22804
12875
76289
47551
84124
33558
93271
47882
33525
85639
84844
94512
98999
41768
63184
14827
69750
39761
67939
96722
7108
31645
72788
29101
81645
12082
26981
71147
11690
81391
77917
58859
28726
92565
66629
6493
21903
43431
63468
33564
22997
48758
47065
17009
61144
7195
12700
4854
52854
66371
13266
60069
79312
21421
33968
76419
78247
69075
98632
58973
32448
8261
48269
17337
38589
29763
28176
17523
79681
7275
91746
96593
71792
78358
34779
13979
86035
45073
26908
17354
73728
73033
19113
925
52199
64575
81893
28650
70735
1303
74424
90299
74821
92083
26185
20760
19367
22893
43123
5273
69916
21964
50950
67763
21006
31251
67971
95747
55386
20160
92200
21669
83260
97062
56264
10189
66577
73149
48014
15976
82925
55814
24088
8267
64584
77059
73046
65290
63679
59653
95612
32938
41608
84801
99455
67651
561
74301
94792
68493
62253
5739
60161
63241
87189
23041
92285
38647
67727
67157
86850
5046
36895
62607
63525
48552
92319
95558
48507
45451
2493
70413
90848
15944
55285
78797
85919
51784
46798
13955
683
49397
96442
98945
65432
73117
18462
77277
93488
84030
74055
41869
43890
6289
41914
94926
3113
38073
7469
68852
43828
45604
24830
34863
40456
2852
37315
7740
74792
52281
58413
33314
49354
4588
2139
86520
56141
3307
45958
63440
17244
29016
92229
26794
54723
9690
13820
29452
34296
92724
33961
52544
81629
16367
31129
62224
58028
34571
68412
53406
80177
66407
48363
14945
11087
12183
21280
32217
57499
70805
32027
35637
49516
4123
56765
32975
35818
67244
49506
6016
66588
99751
63217
77939
43764
65559
34416
25846
71604
13088
41483
42319
18226
90220
83452
31932
96215
34475
97893
4113
19432
13763
74451
31263
84125
39814
61167
30338
2490
51702
76186
58813
39165
8350
53846
15192
95508
47246
22696
74430
48447
24261
41237
18507
49939
99708
42983
13246
98013
13331
42459
1964
62021
95914
31055
46623
54821
88586
75089
33899
19567
92160
21440
41517
24698
21949
26883
37989
8738
66474
35969
18511
90730
32259
23486
17361
33447
87300
28009
4618
51955
61395
79602
38369
53100
20973
4221
22428
61990
9695
5
86503
89683
49920
43802
53091
71942
80075
39158
2751
52779
93107
54911
782
85975
31562
9795
27003
6075
45715
98678
90779
76580
33929
75989
90722
63514
10102
5957
99067
25218
30877
59446
47685
17463
45991
94833
56317
82359
12893
94866
25336
11229
2228
19227
29986
22504
43800
91227
44878
18327
97320
50106
69612
26796
42190
87086
98502
70309
50175
38875
91035
58423
88742
43821
78150
36007
72646
74568
44039
70622
61011
97813
85225
38021
82530
32917
64249
28922
50666
11617
47714
58137
64444
266
21024
43836
48468
9763
60380
57769
90169
92391
23468
49628
42000
69433
28094
68087
76774
9044
8899
10959
1780
67659
49847
1112
27292
78454
68967
19149
52213
86974
57937
57614
17182
22966
89140
68586
29245
34772
42022
61661
78702
58768
47102
99600
49180
69530
28428
14689
67579
61865
52570
79453
4651
1200
69967
10535
51538
39154
33506
33467
41304
37091
47371
95474
8404
97792
23363
25038
26564
31978
29413
46970
34345
63490
32470
49120
24564
44520
2631
48756
63553
25821
78961
45226
69519
29171
57320
9154
94281
79101
84308
77014
34999
68835
15714
58602
86142
362
28800
24020
4280
18288
26582
62600
601
40032
12224
10065
5126
79398
68613
439
10730
87555
38094
92584
45570
25549
82039
25876
31951
47492
84692
15555
57095
48210
4568
40938
90808
19942
31328
53439
25459
42168
92790
14729
7364
51591
44569
18900
80778
49398
69523
20857
84102
60015
61291
40664
33163
23715
10773
94217
79626
23177
29687
74995
32584
74386
67281
55058
93414
41523
53591
34684
35551
41198
29438
43091
43680
59693
70995
81579
9276
10649
34591
52756
54402
58982
72866
71438
36143
82838
30931
62511
20650
69625
6765
95828
82309
42991
79505
96410
89368
62893
52644
58406
16278
66742
80721
48012
19141
20911
92988
50050
1335
61988
71741
92406
23152
53311
55976
2041
30158
14256
25905
13477
35116
39179
51517
26341
78682
98001
27929
25384
64013
95131
28579
37357
71855
42581
45871
39683
98182
71765
85912
15816
21683
59196
96683
39940
46956
39042
50543
71904
90166
44301
20753
6551
292
94920
27488
23726
3569
68400
29649
65393
74475
5042
14012
46053
96271
65564
99007
8286
85680
83335
2896
38344
17181
95048
7058
74065
5148
90109
28550
90790
95490
74715
89173
30773
33674
36496
91125
28338
71776
91450
10970
93644
30177
84873
13057
68929
3870
26370
33214
99848
67943
3983
54502
52562
39897
52501
12177
93065
88126
90554
99973
16906
15574
19361
93200
52888
80980
16208
71138
87868
76977
27972
37995
82142
2035
63673
56736
56130
27083
60752
65099
85203
20814
21339
60295
98336
86516
29612
89681
65618
39451
96724
60793
3343
68297
2959
41802
88131
48316
12309
7237
44861
17285
75902
74360
37334
503
11959
57952
59136
2509
91802
95489
15972
47710
72178
29577
91200
62973
62144
28171
78151
7059
96726
45496
19463
32620
66949
44155
70217
44765
39934
23844
29392
79112
8587
7376
86278
18849
80456
35651
75184
85126
17967
88118
46566
52435
35668
23976
19589
99527
86231
44817
46931
51436
6701
85772
88481
69579
70855
12045
85899
62367
98191
34359
6228
45568
41333
83725
94071
72855
34663
22163
99449
91408
73426
93560
64893
38473
25692
45403
25709
73823
28202
7492
74912
69812
66598
6442
48038
35165
79719
715
15303
62439
16547
37750
31529
95310
73001
21511
46775
52954
95886
18743
96285
63358
77184
72789
48036
96125
4302
64146
35936
53978
48736
14472
84064
59057
68159
52953
36772
8698
15553
31609
50289
22955
740
49546
6779
40779
73659
67269
45551
66613
88204
68537
7354
48996
58392
92480
18161
40814
53726
32214
3504
74865
68639
91310
50556
22010
4325
57096
28844
77735
15476
8661
59662
70756
35966
20298
68336
52169
40243
55902
76339
48058
48383
15260
57138
91303
4752
40774
47950
36069
87375
81517
44882
16126
30894
34736
24699
58617
78400
42730
96664
29259
14532
79896
86250
85150
86913
58167
13519
20003
89879
95633
90260
31960
86546
32778
26808
8053
31526
67249
76506
31544
80289
45125
88020
69970
36777
16540
83395
12115
22103
88443
32918
69322
15448
42617
58773
82587
64236
2999
48721
75602
68977
23277
29736
60235
50001
47485
5812
94577
96803
7308
14765
72521
36796
66106
45938
84058
54513
42438
89243
27034
12874
48074
10124
32611
15795
73441
47444
13423
5231
30813
43463
47849
52814
83468
82269
71872
27779
6301
14151
95368
12649
33758
35413
65265
68754
51840
29358
45495
50721
36625
94551
73214
62870
83579
89791
51297
30798
47666
73182
6258
18479
3311
16717
57248
74933
52795
15143
44708
8759
54391
4875
7073
23938
12669
80466
76663
69203
69888
8481
65765
28305
18518
44921
68772
46196
62410
77538
6810
87380
80634
40382
29870
47174
33949
61529
67568
22012
28295
7240
65603
52131
53352
72556
67845
89600
28792
54533
30423
43888
48490
90998
88306
5475
64194
67389
20210
75016
94740
63602
88844
5045
69742
40480
4191
26854
86214
59965
82511
67064
31282
24777
18087
46806
88248
60490
72177
10216
98016
39870
77727
39737
38226
56216
72529
86971
44253
56504
99232
73131
63047
42642
12775
71271
83997
93167
55768
36619
71869
55431
70194
81806
98819
48534
35259
5212
11446
8685
48724
58467
51906
39634
29485
99806
62135
19820
14829
52469
94325
42106
63229
7695
62545
51010
42484
91867
80943
43385
22783
29621
25706
15765
42706
40574
12382
53985
45106
74635
88563
87196
42752
71973
89265
83981
63927
7188
43168
90887
36624
76950
14280
28214
28854
10157
28510
66334
63302
70378
67152
4872
76616
65478
66354
13788
39690
98717
88363
88347
39521
96470
81235
75791
37250
29537
28825
53107
7569
11295
55879
98441
3019
46484
61060
21432
73218
10515
24439
67945
46361
65122
52392
26962
43464
88267
54262
40204
74618
65406
26641
21765
304
78725
19124
54563
10924
33964
24090
82145
16614
91364
31487
21712
68430
76487
28061
2420
14112
94182
6725
35754
10140
23150
21365
60839
29031
92035
97679
21951
83085
42309
26181
47480
67869
27091
99276
85969
89545
20087
83002
20960
61544
90544
4315
88702
85925
78477
58652
22576
25500
28989
69692
54556
4843
92072
58354
54084
14612
97967
69935
2750
49947
67420
81296
87612
16544
88293
11758
76271
22840
73521
67581
12923
2311
4815
42872
63596
16449
16308
38845
21455
13571
4908
49837
8884
91516
23510
22404
46555
74819
41053
44750
85836
73618
54310
41536
7825
28870
1182
1102
27533
66531
28118
86312
44339
97709
7950
65169
50496
17703
82422
53356
33401
91790
72980
78032
38573
15539
96522
5286
91705
49404
44509
33504
43662
46614
47976
4920
49577
48760
66984
70067
82691
69879
53078
63025
86686
73963
12165
32558
77904
39470
75521
56149
78647
75460
23252
17892
73465
18783
71461
88538
11831
8944
33570
49594
61973
84187
81438
43814
55056
29178
87681
67888
20400
71242
20276
37814
39944
37614
18717
71108
26538
8904
47415
54089
56912
73918
10588
76611
91290
26555
6787
79054
22905
64598
93345
16654
32140
71324
36234
8151
69821
75751
73892
93245
27964
68550
69324
66488
43995
86055
9563
7030
95834
46217
79995
65464
69563
15576
66451
33234
49580
55327
10738
98322
29999
38144
11576
11572
73672
80048
21063
34672
70424
19607
71708
75071
85169
413
79458
64245
95827
66110
59527
76853
48858
27254
30711
25753
27713
72861
81817
67707
97881
84186
17495
14863
15893
35791
16647
2563
5629
95610
50361
33042
76090
95568
82409
2076
37453
14412
63472
34964
30845
87641
83763
43983
10464
63458
73522
22193
60343
72444
53455
79598
11467
12614
81417
63575
21424
45149
23427
28791
31355
26229
69015
65183
61756
18300
5003
3300
93397
40537
28532
78280
64946
32932
53602
77825
7865
56347
20256
57943
21328
26189
6222
98575
86948
62538
46038
83319
65766
92469
52095
95893
56105
36877
9966
12083
81969
45660
43972
31785
5657
64427
63432
55105
61379
28006
26251
37106
29583
26599
18805
98767
24790
79077
65424
98148
87474
22430
31931
11080
31141
86479
45366
94333
61762
76822
98102
31929
9475
86220
29478
31404
51726
67868
32339
76640
70132
74035
87495
64044
88090
6269
35292
57867
4557
40980
5229
50778
52359
31905
95679
55604
36171
83375
13923
83685
41848
65046
77311
78031
54884
53723
17251
68489
91188
95028
2965
86902
83634
43223
96019
61469
96059
93903
44241
73291
45427
75494
59260
26087
9024
53116
19120
95766
52335
56111
66929
66440
52447
25558
45255
55624
37340
82585
23708
73826
26665
60168
48109
75895
72624
60014
58253
48239
84249
85729
63639
21856
81520
6802
67494
89395
35732
81206
69558
55747
83739
7807
93097
9028
23624
95539
39472
54809
50169
87503
56278
89921
43688
54990
87009
98640
72229
21425
76424
21294
50560
67225
98840
62104
91824
23693
54251
51478
8419
73435
49092
88733
63313
22579
27938
17727
69423
38204
36579
75437
10193
81783
73628
48706
67788
69642
15602
6105
20131
39294
61578
63055
90478
88628
23416
6612
43857
8175
94884
70892
42314
69847
96634
73959
49051
75399
93981
21728
51933
69670
60861
46222
46552
18484
51663
90441
12129
21659
69866
89401
28830
66653
64788
12799
74603
3954
53589
12876
66279
86522
1194
50208
77055
50884
24575
20939
11603
22641
90201
3649
69940
4608
54443
16486
45488
42994
73450
12530
4527
74068
66421
42971
22085
28810
72597
56287
46298
3858
98395
51855
89528
40525
31848
88241
80729
30926
44834
85234
86275
67473
1729
65817
48241
15573
46080
2466
77083
91524
33598
56516
7677
29226
75122
69759
62752
62883
71371
42538
36212
6449
33141
52406
30434
48088
15677
98578
78199
83383
15475
87007
12563
11539
51825
32320
64320
18079
94391
27939
64618
10419
24629
76169
25606
58872
24992
33578
32686
48059
78545
9288
98242
3278
60882
53858
38180
55154
66234
47858
11748
20333
94105
84523
26575
95284
53401
58921
99508
27442
4773
86081
88877
63974
33416
16927
10582
96012
39486
41312
53614
25220
24466
5414
39324
48005
16457
89830
95442
99585
46696
437
25742
13511
64825
3537
71475
93833
15074
43263
68124
10081
67480
91308
52993
96599
51579
72539
30440
82352
70561
13301
48234
84048
38183
16353
72160
74969
81883
36365
57006
84989
27521
86547
49736
37583
43163
15424
97918
60827
7174
79120
22194
32189
84259
71933
72086
70600
92900
24779
54388
20472
26727
54076
14801
62232
13837
41718
34133
90531
98743
6
48370
16405
93766
71983
66233
11136
98141
81526
15127
32120
48704
13480
31959
81457
67550
45287
92105
11059
52079
74741
26386
85537
59820
2819
19134
47816
94742
37089
18925
3524
83733
10576
10218
67717
45847
90514
87707
98023
35271
90409
60718
83156
51869
83535
94524
83166
80805
8196
51231
67113
35501
90302
93470
38193
16819
53641
37576
56129
61528
3102
91466
49979
64930
47783
56248
74414
76978
26667
72996
71480
13047
94422
31689
54312
78529
42790
8165
35463
56095
54886
73914
2422
75928
65413
14121
24752
93256
76896
60948
48338
94925
69009
63202
85370
52247
71149
84485
45384
90846
21071
41184
23159
55830
93439
79336
96921
22750
89462
88667
17614
72649
80534
19036
21366
74601
2341
51158
38546
19765
30079
44746
68453
25669
72237
13978
43703
26838
22475
56815
32449
53607
1614
93305
34977
33370
78384
6550
38739
67057
48308
95953
12343
55812
22127
38591
67434
16395
25267
28892
35828
63643
87871
54798
55435
3741
3822
46584
36108
74184
6152
51305
79852
889
92076
9272
37002
18481
66561
52641
82858
98155
94417
59962
8865
51291
14423
34390
3163
46648
41094
39896
17678
76321
82934
86099
74675
35929
27241
60422
21075
96569
3331
76296
16795
93840
72582
2992
50072
92998
90534
31362
92097
28709
87012
65836
80414
30132
75977
32630
47642
76156
4098
71758
78250
24317
23121
77412
38329
77569
78269
81511
25131
75014
52937
99649
84870
28805
46731
22110
22173
26724
4300
84321
89323
5365
8133
99099
92836
46856
22186
79239
44638
693
89034
71124
83989
64703
14332
61826
70874
68082
46949
81284
8739
10934
8479
31925
57251
5933
