100
mochi 421 88 567 29 9876 902
pansy 112 405 823 661 9864 34
butters 776 229 104 335 9847 628
sol 994 552 448 127 9745 331
gaia 618 223 915 83 9633 440
loki 75 915 119 726 9531 109
waffle 812 668 627 994 9477 884
cinnamon 149 331 905 618 9361 312
frey 663 127 229 75 9307 91
olive 501 619 551 812 9297 554
lumen 927 223 881 149 9201 127
orbit 331 915 903 663 9002 660
apollo 225 119 120 501 8922 104
cleo 776 668 668 927 8910 992
ray 440 331 331 331 8808 312
mittens 109 127 127 225 8731 774
marble 884 619 619 776 8651 110
helios 312 223 223 440 8400 448
peanut 91 915 915 109 8392 223
maple 554 119 119 884 8327 915
truffle 127 668 668 312 8255 119
whiskers 660 331 331 91 7788 627
dandelion 104 127 127 554 7770 334
caramel 992 619 619 127 7706 905
leo 312 223 223 660 7660 229
shadow 774 915 915 104 7583 551
galaxy 110 119 119 992 7471 881
magnolia 448 668 668 312 7438 903
flare 223 331 331 774 7436 120
odin 915 127 127 110 7415 668
iris 229 619 619 448 7397 331
toby 551 223 223 223 7318 127
smokey 881 915 915 915 7040 619
breeze 903 119 119 229 7023 223
flash 120 668 668 551 6837 551
venus 668 331 331 881 6803 881
cookie 331 127 127 903 6749 903
violet 127 619 619 120 6703 120
spark 619 223 223 668 6701 668
luna 223 915 915 331 6685 331
astro 915 119 119 127 6627 127
meteor 229 668 668 619 6566 619
clover 551 331 331 223 6262 223
ember 881 127 127 915 6253 915
atlas 903 619 619 229 6229 229
selene 120 223 223 551 6157 551
rocket 668 915 915 881 5823 881
toffee 331 119 119 903 5757 903
zephyr 127 668 668 120 5630 120
snowball 619 331 331 668 5607 668
mercury 223 127 127 331 5496 331
rose 915 619 619 127 5381 127
shimmer 229 223 223 619 5295 619
misty 551 915 915 223 5088 223
milo 881 119 119 915 5038 915
hera 903 668 668 229 4991 229
nutmeg 120 331 331 551 4739 551
bella 668 127 127 881 4688 881
glow 331 619 619 903 4601 903
skye 127 223 223 120 4517 120
lilac 619 915 915 668 4371 668
nebula 223 119 119 331 4292 331
stormy 915 668 668 127 4082 127
aurora 229 331 331 619 4013 619
apollojr 551 127 127 223 3927 223
hazel 881 619 619 915 3915 915
beam 903 223 223 229 3825 229
ginger 120 915 915 551 3821 551
dew 668 119 119 881 3717 881
tiger 331 668 668 903 3589 903
saturn 127 331 331 120 3510 120
flicker 619 127 127 668 3437 668
echo 223 619 619 331 3084 331
nova 915 223 223 127 3065 127
latte 229 915 915 619 2834 619
biscuit 551 119 119 223 2592 223
sable 881 668 668 915 2368 915
pumpkin 903 331 331 229 2274 229
ivy 120 127 127 551 2222 551
pluto 668 619 619 881 2131 881
lotus 331 223 223 903 2102 903
comet 127 915 915 120 1866 120
thor 619 119 119 668 1826 668
glimmer 223 668 668 331 1766 331
cosmo 915 331 331 127 1726 127
jasper 229 127 127 619 1686 619
nala 551 619 619 223 1607 223
petal 881 223 223 915 1578 915
willow 903 915 915 229 1203 229
cloud 120 119 119 551 1168 551
chili 668 668 668 881 1014 881
daisy 331 331 331 903 1004 903
poppy 127 127 127 120 902 120
pepper 619 619 619 668 855 668
tulip 223 223 223 331 770 331
oreo 915 915 915 127 638 127
blossom 229 229 229 619 340 619
shine 551 551 551 223 224 223
binx 881 881 881 915 152 915
halo 903 903 903 229 140 229
2 0
